540 41
539 35
538 62
537 44
536 69
535 55
534 61
533 29
532 29
531 20
530 32
529 45
528 14
527 10
526 47
525 74
524 11
523 50
522 52
521 21
520 77
519 49
518 57
517 43
516 39
515 39
514 45
513 45
512 38
511 50
510 56
509 32
508 41
507 60
506 46
505 59
504 53
503 79
502 36
501 43
500 46
499 54
498 48
497 39
496 47
495 71
494 50
493 43
492 84
491 46
490 51
489 44
488 30
487 25
486 40
485 43
484 28
483 38
482 40
481 29
480 27
479 42
478 88
477 98
476 81
475 79
474 89
473 70
472 97
471 98
470 100
469 127
468 36
467 46
466 60
465 50
464 46
463 38
462 35
461 51
460 39
459 47
458 78
457 85
456 80
455 77
454 104
453 109
452 117
451 104
450 55
449 88
448 48
447 41
446 49
445 88
444 54
443 47
442 51
441 72
440 49
439 47
438 47
437 47
436 49
435 33
434 49
433 38
432 57
431 60
430 41
429 44
428 43
427 44
426 78
425 49
424 49
423 51
422 45
421 38
420 38
419 84
418 70
417 41
416 39
415 47
414 46
413 45
412 74
411 35
410 100
409 92
408 20
407 52
406 51
405 59
404 48
403 59
402 33
401 37
400 46
399 52
398 51
397 44
396 43
395 44
394 46
393 38
392 54
391 52
390 44
389 56
388 31
387 62
386 32
385 47
384 45
383 45
382 37
381 55
380 54
379 50
378 59
377 30
376 49
375 51
374 55
373 44
372 35
371 50
370 55
369 47
368 81
367 49
366 48
365 64
364 70
363 69
362 67
361 79
360 108
359 46
358 53
357 85
356 77
355 57
354 46
353 47
352 50
351 55
350 80
349 49
348 45
347 33
346 50
345 48
344 57
343 48
342 48
341 65
340 49
339 48
338 38
337 38
336 33
335 33
334 47
333 55
332 30
331 49
330 61
329 20
328 78
327 61
326 44
325 53
324 48
323 39
322 54
321 23
320 45
319 49
318 39
317 35
316 39
315 38
314 62
313 46
312 54
311 60
310 42
309 63
308 42
307 38
306 36
305 51
304 45
303 34
302 40
301 31
300 45
299 41
298 87
297 64
296 98
295 92
294 92
293 97
292 115
291 60
290 104
289 91
288 53
287 63
286 61
285 29
284 40
283 39
282 49
281 42
280 38
279 27
278 41
277 36
276 54
275 37
274 43
273 28
272 51
271 51
270 58
269 29
268 40
267 69
266 47
265 32
264 40
263 65
262 46
261 21
260 54
259 54
258 45
257 53
126 46
125 59
124 42
123 48
122 47
121 20
120 71
119 51
118 31
117 54
116 51
115 46
114 52
113 47
112 54
111 37
110 48
109 39
108 60
107 37
106 63
105 48
104 43
103 44
102 56
101 43
100 36
99 58
98 47
97 26
96 83
95 17
94 21
93 31
92 49
91 44
90 39
89 41
88 53
87 53
86 55
85 59
84 60
83 64
82 58
81 63
80 52
79 45
78 61
77 53
76 61
75 43
74 53
73 58
72 53
71 74
70 37
69 56
68 90
67 78
66 64
65 88
64 67
63 85
62 155
61 76
60 73
59 76
28 44
27 34
26 38
25 50
24 35
23 29
22 30
21 47
20 44
19 61
18 50
17 68
16 48
15 75
14 40
13 50
0 49
1 33
2 42
3 51
4 42
5 38
6 38
7 86
8 22
9 38
10 41
11 26
12 81
29 42
30 48
31 39
32 47
33 46
34 41
35 48
36 50
37 54
38 31
39 41
40 23
41 39
42 28
43 49
44 36
45 52
46 45
47 52
48 46
49 52
50 61
51 49
52 60
53 52
54 62
55 42
56 60
57 34
58 51
127 48
128 59
129 39
130 46
131 37
132 39
133 53
134 40
135 43
136 44
137 38
138 53
139 22
140 37
141 56
142 26
143 39
144 44
145 70
146 55
147 63
148 36
149 53
150 32
151 53
152 48
153 37
154 44
155 49
156 63
157 40
158 53
159 69
160 45
161 40
162 32
163 59
164 46
165 60
166 42
167 55
168 31
169 47
170 50
171 35
172 69
173 38
174 50
743 17
202 96
744 26
203 97
745 50
204 94
746 65
205 80
747 59
206 78
748 75
207 83
749 60
208 62
750 73
209 54
751 56
210 52
752 45
211 51
753 59
212 48
754 58
213 50
755 55
214 36
756 50
215 47
757 51
216 50
758 52
217 59
759 41
218 49
760 46
219 55
761 35
220 52
762 50
221 90
763 51
222 44
764 59
223 79
765 57
224 31
766 52
225 18
767 40
226 47
768 16
227 47
769 55
228 55
770 54
229 49
771 51
230 47
772 65
231 47
773 81
232 39
774 45
233 45
775 34
234 47
776 48
235 48
777 60
236 45
778 40
237 39
779 52
238 43
780 49
239 47
781 38
240 56
782 37
241 38
783 50
242 48
784 44
243 38
785 72
244 47
786 50
245 50
787 63
246 38
788 46
247 41
789 39
248 63
790 58
249 44
791 55
250 51
792 55
251 39
793 53
252 15
794 54
253 18
795 45
254 36
796 67
255 57
797 34
256 47
798 42
799 36
800 59
801 56
802 40
803 52
804 38
805 47
806 36
807 50
808 55
809 54
810 46
811 11
812 37
813 41
814 48
815 49
816 44
817 48
818 50
819 47
820 37
821 80
822 61
823 79
824 53
825 54
826 53
827 46
828 50
829 48
830 54
831 38
832 52
833 51
834 44
835 27
836 61
837 49
838 43
839 54
840 38
841 35
842 49
843 48
844 54
845 54
846 42
847 42
848 47
849 45
850 50
851 63
852 41
853 44
854 43
855 46
856 43
857 50
858 65
859 51
860 49
861 52
862 49
863 60
864 70
865 41
866 49
867 51
868 39
869 55
870 54
871 54
872 60
941 48
942 64
943 36
944 42
945 41
946 50
947 43
948 52
949 55
950 58
951 57
952 44
953 62
954 41
955 57
956 60
957 48
958 46
959 83
960 50
961 52
962 31
963 39
964 38
965 43
966 55
967 48
968 67
969 51
970 65
987 58
988 38
989 66
990 41
991 44
992 61
993 50
994 39
995 63
996 53
997 49
998 27
999 33
986 54
985 40
984 54
983 32
982 77
981 39
980 83
979 37
978 49
977 46
976 47
975 57
974 42
973 43
972 62
971 50
940 48
939 33
938 38
937 51
936 44
935 55
934 58
933 100
932 55
931 56
930 45
929 49
928 37
927 54
926 58
925 47
924 61
923 55
922 51
921 35
920 49
919 55
918 46
917 32
916 21
915 68
914 44
913 63
912 42
911 32
910 37
909 31
908 27
907 47
906 60
905 49
904 51
903 54
902 44
901 37
900 49
899 80
898 54
897 46
896 53
895 56
894 36
893 79
892 43
891 41
890 67
889 92
888 40
887 29
886 46
885 46
884 23
883 26
882 43
881 33
880 14
879 45
878 67
877 51
876 52
875 36
874 38
873 55
742 59
201 84
741 41
200 66
740 43
199 97
739 49
198 48
738 48
197 43
737 56
196 50
736 42
195 54
735 84
194 54
734 47
193 53
733 60
192 42
732 95
191 48
731 51
190 55
730 52
189 39
729 83
188 92
728 44
187 76
727 42
186 112
726 55
185 96
725 46
184 102
724 51
183 100
723 42
182 80
722 43
181 103
721 47
180 74
720 55
179 97
719 41
178 54
718 47
177 79
717 48
176 64
716 43
175 47
715 50
714 51
713 37
712 48
711 47
710 56
709 42
708 54
707 33
706 66
705 60
704 72
703 55
702 53
701 112
700 44
699 58
698 109
697 106
696 81
695 85
694 84
693 84
692 105
691 130
690 104
689 96
688 51
687 56
686 101
685 49
684 64
683 55
682 34
681 36
680 42
679 45
678 51
677 32
676 42
675 67
674 71
673 43
672 43
671 48
670 47
669 38
668 82
667 80
666 93
665 94
664 69
663 76
662 96
661 98
660 96
659 123
658 60
657 40
656 57
655 54
654 47
653 59
652 59
651 51
650 71
649 61
648 74
647 39
646 37
645 40
644 27
643 46
642 30
641 35
640 65
639 64
638 96
637 108
636 63
635 90
634 86
633 103
632 102
631 96
630 89
629 103
628 37
627 40
626 52
625 39
624 27
623 87
622 41
621 59
620 43
619 57
618 48
617 44
616 42
615 43
614 40
613 39
612 43
611 67
610 51
609 52
608 50
607 42
606 53
605 49
604 76
603 34
602 67
601 46
600 52
599 33
598 51
597 51
596 78
595 54
594 36
593 39
592 53
591 41
590 56
589 29
588 49
587 51
586 48
585 55
584 50
583 43
582 48
581 50
580 39
579 65
578 66
577 43
576 82
575 63
574 63
573 70
572 80
571 43
570 63
569 54
568 37
567 35
566 53
565 49
564 47
563 53
562 66
561 45
560 51
559 63
558 56
557 57
556 45
555 43
554 42
553 51
552 16
551 56
550 55
549 47
548 56
547 31
546 37
545 64
544 52
543 46
542 48
541 40
